%YAML:1.0
model_type: KANNALA_BRANDT
camera_name: camera_left
image_width: 1024
image_height: 768
projection_parameters:
   k2: -6.1370454578352829e-02
   k3: 6.9425360935635935e-03
   k4: -1.3696817533538066e-02
   k5: 7.5104868785324163e-03
   mu: 5.4459522674724587e+02
   mv: 5.4459958938156240e+02
   u0: 5.0280837875975055e+02
   v0: 3.9648539008190340e+02
