%YAML:1.0
model_type: KANNALA_BRANDT
camera_name: camera_left
image_width: 1920
image_height: 1080
projection_parameters:
   k2: 0.053294872732181864
   k3: 0.0025237988913267735
   k4: 0.0478167341537329
   k5: -0.042766952381336994 
   mu: 294.3985128655467
   mv: 294.2676587730904
   u0: 320.34104964791504
   v0: 184.26550363051686
